image_width: 800
image_height: 600
camera_name: narrow_stereo/right
camera_matrix:
  rows: 3
  cols: 3
  data: [276.40675,   0.     , 394.7615 ,
          0.     , 276.30659, 308.05608,
          0.     ,   0.     ,   1.     ]
distortion_model: plumb_bob
distortion_coefficients:
  rows: 1
  cols: 5
  data: [-0.004644, -0.010751, 0.000024, 0.000179, 0.000000]
rectification_matrix:
  rows: 3
  cols: 3
  data: [ 0.9999986 ,  0.00105874,  0.00129813,
        -0.0010756 ,  0.99991422,  0.01305333,
        -0.0012842 , -0.01305471,  0.99991396]
projection_matrix:
  rows: 3
  cols: 4
  data: [284.12192,   0.     , 396.87753, -31.69347,
          0.     , 284.12192, 297.7971 ,   0.     ,
          0.     ,   0.     ,   1.     ,   0.     ]
