image_width: 1280
image_height: 720
camera_name: narrow_stereo
camera_matrix:
  rows: 3
  cols: 3
  data: [969.91485,   0.     , 614.04459,
           0.     , 967.31048, 386.10974,
           0.     ,   0.     ,   1.     ]
distortion_model: plumb_bob
distortion_coefficients:
  rows: 1
  cols: 5
  data: [0.046503, -0.112135, 0.004938, -0.008784, 0.000000]
rectification_matrix:
  rows: 3
  cols: 3
  data: [1., 0., 0.,
         0., 1., 0.,
         0., 0., 1.]
projection_matrix:
  rows: 3
  cols: 4
  data: [965.95581,   0.     , 600.46033,   0.     ,
           0.     , 976.09235, 388.49392,   0.     ,
           0.     ,   0.     ,   1.     ,   0.     ]
