# oST version 5.0 parameters


[image]

width
1280

height
720

[narrow_stereo]

camera matrix
969.914852 0.000000 614.044591
0.000000 967.310485 386.109738
0.000000 0.000000 1.000000

distortion
0.046503 -0.112135 0.004938 -0.008784 0.000000

rectification
1.000000 0.000000 0.000000
0.000000 1.000000 0.000000
0.000000 0.000000 1.000000

projection
965.955811 0.000000 600.460329 0.000000
0.000000 976.092346 388.493919 0.000000
0.000000 0.000000 1.000000 0.000000
